function setup() {
  createCanvas(600, 400);
}

function draw() {
  background(200,0,80);
  
  fill(20,200,20)
  triangle(170,400,320,300,470,400)
  
  fill(70,200,100)
  triangle(0,400,150,150,300,400)
  
  line(50,90,50,110)
  fill(0,0,130)
  quad(20,110,90,110,80,140,30,140)
  
  fill(0,180,0)
  line(120,210,120,240)
  quad(60,240,180,240,170,280,70,280)
  
  fill(0,0,130)
  ellipse(50, 50, 70, 80)
  
  fill(200,100,100)
  ellipse(350,150,80,90)
  line(350,195,350,220)
  quad(330,220,370,220,365,245,335,245)
  
  fill(100,100,200)
  ellipse(250,100,130,140)
  line(250,170,250,210)
  quad(210,210,290,210,280,250,220,250)
  
  fill(0,180,0)
  ellipse(120, 130, 150, 160)
  
  triangle(400,400,550,180,700,400)
}
